0.168556 0.973105 0.021964
0.166813 0.973115 0.025179
0.164977 0.973193 0.028637
0.162849 0.973259 0.032171
0.160590 0.973257 0.035692
0.158171 0.973206 0.039562
0.155250 0.973335 0.043733
0.152607 0.973535 0.048464
0.149537 0.973587 0.053427
0.146460 0.973432 0.058822
0.143338 0.973229 0.064300
0.139919 0.973055 0.070019
0.136471 0.972918 0.075851
0.132814 0.972698 0.081613
0.129149 0.972264 0.087210
0.125342 0.971553 0.092890
0.121211 0.970674 0.098933
0.117367 0.969973 0.105398
0.113540 0.969906 0.113045
0.109373 0.969796 0.121576
0.105495 0.969460 0.131269
0.101750 0.968486 0.141483
0.097987 0.966993 0.153186
0.093639 0.966028 0.164868
0.088577 0.965334 0.177172
0.082744 0.965116 0.190109
0.076837 0.965201 0.203216
0.068206 0.965776 0.221724
0.060741 0.966669 0.238472
0.054739 0.967570 0.253429
0.048899 0.968010 0.268290
0.042754 0.968107 0.283478
0.036704 0.968457 0.299589
0.030800 0.968626 0.316066
0.024936 0.968049 0.333019
0.019378 0.967446 0.349874
0.014129 0.967004 0.366182
0.008000 0.965850 0.382790
0.002685 0.964449 0.399161
-0.003122 0.962297 0.415422
-0.009045 0.959307 0.431739
-0.014602 0.955627 0.447801
-0.021269 0.952043 0.463658
-0.024082 0.950636 0.477099
-0.029493 0.946978 0.492271
-0.033813 0.943007 0.506926
-0.036949 0.938998 0.521249
-0.039922 0.935271 0.535542
-0.041076 0.932151 0.548539
-0.042913 0.929232 0.561613
-0.043704 0.925746 0.573688
-0.044309 0.921893 0.585353
-0.044768 0.918522 0.595948
-0.044831 0.913889 0.609917
-0.044162 0.909925 0.620420
-0.043449 0.906665 0.628065
-0.042720 0.903204 0.635246
-0.042352 0.899958 0.641970
-0.042400 0.896592 0.647949
-0.042378 0.893328 0.653227
-0.042344 0.890735 0.657060
-0.041570 0.887384 0.661570
-0.040491 0.884805 0.664304
-0.038966 0.882533 0.666721
-0.037078 0.880120 0.668988
-0.035228 0.877873 0.671122
-0.033576 0.875628 0.673844
-0.031875 0.873034 0.676778
-0.030297 0.870286 0.679863
-0.028369 0.867723 0.682757
-0.025917 0.865060 0.685353
-0.022912 0.862253 0.687764
-0.019935 0.859956 0.690201
-0.017122 0.857966 0.692434
-0.014525 0.856341 0.694623
-0.012004 0.855466 0.696683
-0.010090 0.855177 0.698843
-0.008551 0.855019 0.700670
-0.007076 0.855410 0.701720
-0.005447 0.855891 0.702727
-0.004239 0.856329 0.703567
-0.002678 0.857244 0.703411
-0.000880 0.858356 0.703024
0.001047 0.859623 0.702570
0.001656 0.861408 0.701617
0.001804 0.862884 0.700872
0.001552 0.863980 0.700237
0.001233 0.865286 0.699481
0.001137 0.866736 0.698664
0.001125 0.867977 0.697628
0.000824 0.868828 0.696334
