0.206226 1.060043 0.380013
0.340937 1.029185 0.214489
0.406022 0.958049 0.065137
0.383567 0.923979 0.069202
0.368638 0.920099 0.115557
0.362524 0.928194 0.142842
0.362076 0.936669 0.171889
0.360388 0.943289 0.203571
0.355543 0.947787 0.235124
0.349205 0.951173 0.265961
0.341965 0.953951 0.296100
0.333583 0.956020 0.325997
0.323811 0.957315 0.356320
0.312512 0.958018 0.387557
0.299594 0.958350 0.419995
0.285058 0.958396 0.453557
0.269053 0.958069 0.487720
0.251879 0.957237 0.521678
0.233948 0.955820 0.554557
0.215724 0.953816 0.585601
0.197660 0.951305 0.614285
0.180158 0.948430 0.640354
0.163532 0.945373 0.663782
0.148014 0.942322 0.684705
0.133747 0.939453 0.703355
0.120804 0.936905 0.720002
0.109194 0.934781 0.734927
0.098874 0.933146 0.748391
0.089767 0.932028 0.760631
0.081771 0.931429 0.771848
0.074771 0.931334 0.782212
0.068653 0.931711 0.791859
0.063307 0.932522 0.800901
0.058632 0.933726 0.809427
0.054540 0.935279 0.817507
0.050956 0.937139 0.825197
0.047815 0.939265 0.832543
0.045061 0.941618 0.839583
0.042650 0.944164 0.846345
0.040541 0.946869 0.852854
0.038704 0.949704 0.859129
0.037110 0.952641 0.865186
0.035736 0.955657 0.871039
0.034563 0.958729 0.876698
0.033572 0.961839 0.882170
0.032749 0.964968 0.887464
0.032082 0.968103 0.892585
0.031560 0.971229 0.897537
0.031171 0.974336 0.902324
0.030909 0.977413 0.906950
0.030766 0.980455 0.911418
0.030734 0.983453 0.915729
0.030809 0.986403 0.919886
0.030984 0.989301 0.923891
0.031255 0.992145 0.927746
0.031618 0.994934 0.931453
0.032068 0.997666 0.935013
0.032602 1.000342 0.938430
0.033217 1.002962 0.941704
0.033908 1.005527 0.944839
0.034673 1.008039 0.947836
0.035508 1.010499 0.950698
0.036410 1.012910 0.953428
0.037376 1.015274 0.956029
0.038402 1.017592 0.958504
0.039484 1.019867 0.960856
0.040620 1.022101 0.963089
0.041804 1.024294 0.965206
0.043034 1.026450 0.967212
0.044304 1.028569 0.969109
0.045610 1.030651 0.970903
0.046948 1.032699 0.972597
0.048311 1.034712 0.974196
0.049696 1.036690 0.975704
0.051095 1.038633 0.977125
0.052505 1.040541 0.978464
0.053919 1.042413 0.979725
0.055331 1.044247 0.980913
0.056736 1.046042 0.982032
0.058127 1.047797 0.983085
0.059500 1.049509 0.984077
0.060849 1.051177 0.985012
0.062168 1.052799 0.985893
0.063454 1.054373 0.986724
0.064701 1.055896 0.987508
0.065907 1.057366 0.988249
0.067067 1.058783 0.988948
0.068179 1.060144 0.989608
0.069242 1.061448 0.990232
0.070253 1.062693 0.990823
0.071212 1.063879 0.991381
0.072119 1.065005 0.991909
0.072974 1.066071 0.992408
0.073778 1.067077 0.992881
0.074531 1.068025 0.993328
0.075237 1.068913 0.993751
0.075897 1.069744 0.994152
0.076513 1.070519 0.994531
0.077089 1.071240 0.994889
0.077626 1.071908 0.995229
0.078128 1.072527 0.995550
0.078597 1.073096 0.995855
0.079036 1.073621 0.996144
0.079449 1.074101 0.996418
0.079837 1.074541 0.996679
0.080204 1.074943 0.996926
0.080552 1.075309 0.997161
0.080882 1.075642 0.997385
0.081198 1.075943 0.997598
0.081501 1.076217 0.997802
0.081792 1.076464 0.997996
0.082074 1.076687 0.998182
0.082347 1.076888 0.998361
0.082613 1.077069 0.998531
0.082873 1.077232 0.998694
0.083127 1.077379 0.998852
0.083377 1.077511 0.999003
0.083622 1.077630 0.999148
0.083864 1.077738 0.999288
0.084103 1.077834 0.999423
0.084338 1.077922 0.999554
0.084571 1.078001 0.999679
0.084801 1.078073 0.999801
0.085029 1.078139 0.999918
0.085254 1.078200 1.000032
0.085477 1.078255 1.000142
0.085697 1.078306 1.000248
0.085915 1.078354 1.000351
0.086130 1.078399 1.000451
0.086342 1.078442 1.000548
0.086551 1.078482 1.000642
0.086758 1.078521 1.000733
0.086961 1.078558 1.000821
0.087162 1.078594 1.000906
0.087359 1.078630 1.000989
0.087553 1.078664 1.001070
0.087744 1.078699 1.001148
0.087931 1.078733 1.001223
0.088115 1.078767 1.001296
0.088296 1.078801 1.001367
0.088473 1.078835 1.001436
0.088646 1.078870 1.001503
0.088817 1.078905 1.001568
0.088984 1.078940 1.001630
0.089147 1.078976 1.001691
0.089308 1.079012 1.001749
0.089464 1.079049 1.001806
0.089618 1.079087 1.001861
0.089768 1.079125 1.001915
0.089916 1.079164 1.001966
0.090060 1.079203 1.002016
0.090201 1.079243 1.002064
0.090339 1.079284 1.002110
0.090474 1.079326 1.002155
0.090606 1.079368 1.002198
0.090736 1.079411 1.002240
0.090862 1.079455 1.002280
0.090987 1.079499 1.002319
0.091108 1.079544 1.002356
0.091227 1.079590 1.002392
0.091343 1.079636 1.002427
0.091458 1.079683 1.002460
0.091569 1.079731 1.002492
0.091679 1.079778 1.002523
0.091786 1.079827 1.002553
0.091891 1.079876 1.002581
0.091994 1.079926 1.002608
0.092095 1.079976 1.002634
0.092194 1.080026 1.002659
0.092291 1.080077 1.002683
0.092386 1.080128 1.002706
0.092479 1.080179 1.002728
0.092571 1.080231 1.002749
0.092660 1.080283 1.002769
0.092748 1.080335 1.002788
0.092834 1.080388 1.002805
0.092919 1.080440 1.002822
0.093002 1.080493 1.002839
0.093083 1.080546 1.002854
0.093163 1.080599 1.002869
0.093241 1.080652 1.002883
0.093318 1.080704 1.002896
0.093394 1.080757 1.002908
0.093467 1.080810 1.002920
0.093540 1.080863 1.002931
0.093611 1.080915 1.002941
0.093681 1.080968 1.002950
0.093750 1.081020 1.002959
0.093817 1.081073 1.002968
0.093883 1.081124 1.002975
0.093948 1.081176 1.002982
0.094011 1.081228 1.002989
0.094074 1.081279 1.002995
0.094135 1.081330 1.003001
0.094195 1.081380 1.003006
0.094254 1.081431 1.003010
0.094312 1.081481 1.003015
0.094369 1.081530 1.003018
0.094425 1.081580 1.003022
0.094479 1.081628 1.003025
0.094533 1.081677 1.003027
0.094586 1.081725 1.003030
0.094637 1.081772 1.003031
0.094688 1.081820 1.003033
0.094738 1.081866 1.003034
0.094787 1.081913 1.003035
0.094835 1.081958 1.003035
0.094882 1.082004 1.003036
0.094928 1.082048 1.003035
0.094973 1.082093 1.003035
0.095018 1.082137 1.003034
0.095061 1.082180 1.003034
0.095104 1.082223 1.003033
0.095146 1.082265 1.003031
0.095188 1.082307 1.003030
0.095228 1.082348 1.003028
0.095268 1.082389 1.003026
0.095307 1.082430 1.003024
0.095345 1.082470 1.003022
0.095383 1.082509 1.003020
0.095419 1.082548 1.003017
0.095456 1.082586 1.003014
0.095491 1.082624 1.003012
0.095526 1.082661 1.003009
0.095560 1.082698 1.003006
0.095593 1.082734 1.003003
0.095626 1.082770 1.002999
0.095659 1.082806 1.002996
0.095690 1.082840 1.002993
0.095721 1.082875 1.002989
0.095752 1.082909 1.002985
0.095782 1.082942 1.002982
0.095811 1.082975 1.002978
0.095840 1.083007 1.002974
0.095868 1.083039 1.002970
0.095896 1.083071 1.002966
0.095923 1.083102 1.002963
0.095950 1.083132 1.002959
0.095976 1.083162 1.002954
0.096002 1.083192 1.002950
0.096027 1.083221 1.002946
0.096052 1.083250 1.002942
0.096076 1.083278 1.002938
0.096100 1.083306 1.002934
0.096123 1.083333 1.002930
0.096146 1.083361 1.002925
0.096169 1.083387 1.002921
0.096191 1.083413 1.002917
0.096212 1.083439 1.002913
0.096234 1.083465 1.002908
0.096255 1.083490 1.002904
0.096275 1.083514 1.002900
0.096295 1.083538 1.002896
0.096315 1.083562 1.002892
0.096334 1.083586 1.002887
0.096353 1.083609 1.002883
0.096372 1.083632 1.002879
0.096390 1.083654 1.002875
0.096408 1.083676 1.002870
0.096425 1.083698 1.002866
0.096443 1.083719 1.002862
0.096460 1.083740 1.002858
0.096476 1.083761 1.002854
0.096493 1.083781 1.002850
0.096508 1.083801 1.002846
0.096524 1.083821 1.002842
0.096540 1.083840 1.002838
0.096555 1.083859 1.002834
0.096570 1.083878 1.002830
0.096584 1.083896 1.002826
0.096598 1.083915 1.002822
0.096612 1.083932 1.002818
0.096626 1.083950 1.002814
0.096640 1.083967 1.002810
0.096653 1.083984 1.002806
0.096666 1.084001 1.002803
0.096678 1.084018 1.002799
0.096691 1.084034 1.002795
0.096703 1.084050 1.002791
0.096715 1.084065 1.002788
0.096727 1.084081 1.002784
0.096739 1.084096 1.002780
0.096750 1.084111 1.002777
0.096761 1.084126 1.002774
0.096772 1.084140 1.002770
0.096783 1.084154 1.002766
0.096793 1.084168 1.002763
0.096803 1.084182 1.002760
0.096814 1.084196 1.002756
0.096824 1.084209 1.002753
0.096833 1.084222 1.002750
0.096843 1.084235 1.002747
0.096852 1.084248 1.002743
0.096861 1.084260 1.002740
0.096870 1.084273 1.002737
0.096879 1.084285 1.002734
0.096888 1.084297 1.002731
0.096897 1.084308 1.002728
0.096905 1.084320 1.002725
0.096913 1.084331 1.002722
